0.968 564.5 627.5 206 41.0 [[776,1445]] -
1.001 542.5 628.5 218 26.0 [[766,1475]] -
1.034 528 627.5 227 19.0 [[759,1495]] -
1.068 517.5 624.5 232 15.5 [[755,1509]] -
1.101 510.5 621.5 238 12.0 [[752,1520]] -
1.134 505 618.5 241 9.0 [[749,1528]] -
1.168 500 613.5 243 8.5 [[748,1535]] -
1.201 496.5 610.5 246 6.5 [[746,1541]] -
1.234 493.5 606 248 5.5 [[745,1546]] -
1.268 491.5 602.5 248 3.5 [[744,1550]] -
1.301 489.5 597.5 252 3.5 [[743,1554]] -
1.334 487.5 593.5 252 2.5 [[743,1557]] -
1.368 485.5 589 252 2.0 [[742,1559]] -
1.401 485 584.5 253 2.0 [[742,1562]] -
1.434 484 580.5 255 1.0 [[742,1564]] -
1.468 482.5 575.5 254 1.5 [[741,1566]] -
1.501 481.5 571.5 256 0.5 [[740,1566]] -
1.534 479.5 567.5 256 0.0 [[739,1565]] -
1.568 477.5 563.5 256 -0.5 [[736,1562]] -
1.601 473.5 559.5 256 -1.0 [[732,1558]] -
1.634 469.5 555 256 -1.0 [[727,1551]] -
1.668 464 550.5 255 -1.0 [[721,1543]] -
1.701 457 546.5 253 -1.0 [[714,1532]] -
1.734 449.5 542 252 -1.0 [[705,1519]] -
1.768 440.5 537.5 250 -0.5 [[694,1503]] -
1.801 429.5 534 248 -1.5 [[681,1484]] -
1.834 418 529.5 247 -1.0 [[667,1461]] -
1.868 404 525.5 243 -1.0 [[650,1435]] -
1.901 388 521.5 239 -0.5 [[631,1404]] -
1.934 372.5 518 234 -1.0 [[610,1370]] -
1.968 353.5 516.5 228 -1.0 [[587,1331]] -
2.001 335.5 517 224 -1.0 [[563,1290],[1489,1854]] -
2.034 316.5 517.5 218 -1.0 [[539,1248],[1426,1781]] -
2.068 299 518.5 213 -1.5 [[516,1205],[1371,1718]] -
2.101 283.5 518.5 208 -0.5 [[494,1165],[1323,1659]] -
2.134 270.5 519.5 202 -1.5 [[476,1129],[1279,1607]] 1772
2.168 261 520 197 -1.5 [[460,1096],[1241,1560]] 1708
2.201 252 520.5 191 -1.0 [[448,1068],[1208,1519]] 1660
2.234 246 520.5 187 -0.5 [[437,1044],[1179,1484]] 1618
2.268 241.5 520.5 184 -0.5 [[429,1023],[1155,1453]] 1584
2.301 237.5 521.5 180 -1.0 [[422,1005],[1134,1427]] 1554
2.334 235 521.5 177 -0.5 [[416,990],[1116,1404]] 1528
2.368 233.5 522.5 176 -1.0 [[411,977],[1101,1384]] 1506
2.401 231.5 522.5 172 -1.0 [[408,966],[1087,1367]] 1487
2.434 230.5 522.5 170 -1.0 [[405,956],[1076,1352]] 1470
2.468 229.5 522.5 168 -1.0 [[402,947],[1066,1339]] 1456
2.501 230 522.5 167 -0.5 [[400,940],[1057,1328]] 1443
2.534 229.5 521.5 164 -0.5 [[398,934],[1050,1318]] 1432
2.568 229.5 520.5 164 -1.5 [[397,928],[1043,1309]] 1422
2.601 229.5 518.5 164 -2.0 [[395,924],[1037,1302]] 1414
2.634 230 514.5 163 -1.0 [[395,919],[1032,1295]] 1407
2.668 229 509.5 161 -0.5 [[394,916],[1028,1290]] 1401
2.701 229.5 504.5 160 -0.5 [[393,913],[1025,1285]] 1396
2.734 229.5 497.5 160 -0.5 [[393,911],[1022,1281]] 1391
2.768 229.5 488.5 160 -0.5 [[392,909],[1019,1278]] 1388
2.801 230.5 478.5 158 -1.0 [[392,907],[1017,1276]] 1384
2.834 230.5 465.5 158 -1.5 [[392,906],[1016,1273]] 1382
2.868 230.5 447.5 158 -0.5 [[391,905],[1015,1272]] 1380
2.901 230.5 425.5 158 -1.0 [[391,904],[1014,1271]] 1379
2.934 230.5 393.5 158 -1.0 [[391,904],[1013,1270]] 1378
2.968 777 661.5 369 -144.5 [[679,685],[730,736],[766,773],[813,821],[998,1051],[1110,1164],[1200,1252],[1288,1294]] -
